Q2_avg = 6.61484
tau_avg = 1.87955
epsilon_avg = 0.620605
Px_avg = 0.990961
Pz_avg = -0.0282157
