Aacc = -0.001791
Api = 0.000000
Ain = 0.010097
Ap = 0.002708
Afsi = 0.000000

facc = 0.029938
fN2 = 0.015700
fpi = 0.000000
fin = 0.000000
fp = 0.000766
ffsi = 0.000000

errAacc = 0.00476098
errApi = 0.00000
errAin = 0.000870199
errAp = 0.00176535
errAfsi = 0.00000

errfacc = 0.000600321
errfN2 = 0.00008
errfpi = 0.00000
errfin = 0.0000000
errfp = 0.0000924965
errffsi = 0.00000
