Aacc = -0.001791
Api = 0.000000
Ain = 0.010097
Ap = 0.001687
Afsi = 0.000000

facc = 0.056541
fN2 = 0.015700
fpi = 0.000000
fin = 0.019742
fp = 0.000801
ffsi = 0.000000

errAacc = 0.00476098
errApi = 0.00000
errAin = 0.000870199
errAp = 0.00147259
errAfsi = 0.00000

errfacc = 0.000647637
errfN2 = 0.00008
errfpi = 0.00000
errfin = 0.0010695
errfp = 0.0000771228
errffsi = 0.00000
