Aacc = 0.00258221
Api = 0.000000
Ain = 0.00365233
Ap = 0.002585
Afsi = 0.000000

facc = 0.139514
fN2 = 0.0157000
fpi = 0.000000
fin = 0.488541
fp = 0.021811
ffsi = 0.000000

errAacc = 0.0055777
errApi = 0.00000
errAin = 0.000926
errAp = 0.00342778
errAfsi = 0.00000

errfacc = 0.00184597
errfN2 = 0.00008
errfpi = 0.00000
errfin = 0.0053035
errfp = 0.000737806
errffsi = 0.00000
