Aacc = 0.002582
Api = 0.000000
Ain = 0.003652
Ap = -0.001875
Afsi = 0.000000

facc = 0.024552
fN2 = 0.0157000
fpi = 0.000000
fin = 0.386464
fp = 0.019787
ffsi = 0.000000

errAacc = 0.0055777
errApi = 0.00000
errAin = 0.000926
errAp = 0.00478222
errAfsi = 0.00000

errfacc = 0.00127466
errfN2 = 0.00008
errfpi = 0.00000
errfin = 0.0062966
errfp = 0.00115557
errffsi = 0.00000
