Aacc = 0.002582
Api = 0.000000
Ain = 0.003652
Ap = -0.001875
Afsi = 0.000000

facc = 0.024552
fN2 = 0.157000
fpi = 0.000000
fin = 0.386464
fp = 0.019787
ffsi = 0.000000
