Aacc = 0.018119
Api = 0.000000
Ain = 0.004303
Ap = 0.00198
Afsi = 0.000000

facc = 0.044546
fN2 = 0.0157000
fpi = 0.000000
fin = 0.5853
fp = 0.03261810048
ffsi = 0.000000

errAacc = 0.0114984
errApi = 0.00000
errAin = 0.00166079
errAp = 0.00662541
errAfsi = 0.00000

errfacc = 0.00260687
errfN2 = 0.00008
errfpi = 0.00000
errfin = 0.0126771
errfp = 0.00481635
errffsi = 0.00000
