Aacc = 0.003463
Api = 0.000000
Ain = 0.005032
Ap = 0.000760
Afsi = 0.000000

facc = 0.027604
fN2 = 0.0157000
fpi = 0.000000
fin = 0.521661
fp = 0.016776
ffsi = 0.000000

errAacc = 0.01154
errApi = 0.00000
errAin = 0.00131
errAp = 0.00796
errAfsi = 0.00000

errfacc = 0.00205
errfN2 = 0.00008
errfpi = 0.00000
errfin = 0.0115680
errfp = 0.00161
errffsi = 0.00000
