N_plus_all      = 8025
N_minus_all     = 7875
A_acc           = 0.00943396
err_A_acc       = 0.00793016
accidental_events = 1227
QE_events       = 92513
f_acc           = 0.013263
err_f_acc       = 0.000378634
