N_plus_all = 16420
N_minus_all = 16336
A_acc = 0.00256442
err_A_acc = 0.00552527
accidental_events = 5914
QE_events = 126537
f_acc = 0.0467373
err_f_acc = 0.000607747
