Q2_avg = 2.91454
tau_avg = 0.828141
epsilon_avg = 0.799892
Px_avg = 0.991297
Pz_avg = -0.0432298
