lambda = -0.192974
sigma_lambda_stat = 0.0203468
sigma_lambda_sys = 0.0124132
sigma_lambda : 0.0238344
