Nplus_total = 47538
Nminus_total = 44032
Aexp_total = 0.0382876
errAexp_total = 0.00330221
Pplus_total = 199845
Pminus_total = 199090
Apexp_total = 0.00189254
errApexp_total = 0.00158325
