N_plus_all      = 14882
N_minus_all     = 14700
A_acc           = 0.00615239
err_A_acc       = 0.00581404
accidental_events = 7583
QE_events       = 120386
f_acc           = 0.0629891
err_f_acc       = 0.000723343
