N_plus = 104556
N_minus = 102918
A_in = 0.00789497
err_A_in= 0.00219535
inelastic_events = 3803.52
QE_events = 95457
N_events = 92696.2
f_bkg = 0.0398454
err_f_bkg = 0.000658824
