N_plus = 0
N_minus = 0
A_in = -nan
err_A_in= -nan
inelastic_events = 1061.45
QE_events = 33715
N_events = 34583.8
f_bkg = 0.031483
err_f_bkg = 0.000981426
