Nplus = 6542
Nminus = 6571
A_p = -0.00221155
err_A_p = 0.00873269
proton_events = 58
QE_events = 4106
f_p = 0.0141257
err_f_p = 0.00186785
