N_plus_all      = 11626
N_minus_all     = 11515
A_acc           = 0.00479668
err_A_acc       = 0.00657361
accidental_events = 1774
QE_events       = 110716
f_acc           = 0.016023
err_f_acc       = 0.000380423
