Nplus = 160872
Nminus = 160003
A_p = 0.00270822
err_A_p = 0.00176535
proton_events = 59
QE_events = 83072
f_p = 0.000710227
err_f_p = 9.24965e-05
