N_plus = 275780
N_minus = 267846
A_in = 0.0145946
err_A_in= 0.00135614
inelastic_events = 8649.67
QE_events = 111560
N_events = 102451
f_bkg = 0.0775338
err_f_bkg = 0.00086538
