N_plus_all = 22019
N_minus_all = 22098
A_acc = -0.00179069
err_A_acc = 0.00476098
accidental_events = 2487
QE_events = 83072
f_acc = 0.0299379
err_f_acc = 0.000600321
