Nplus = 230961
Nminus = 230183
A_p = 0.00168711
err_A_p = 0.00147259
proton_events = 108
QE_events = 134804
f_p = 0.000801163
err_f_p = 7.71228e-05
