Nplus = 9092
Nminus = 9170
A_p = -0.00427116
err_A_p = 0.00739983
proton_events = 194
QE_events = 5374
f_p = 0.0360997
err_f_p = 0.00263818
