N_plus = 585044
N_minus = 580786
A_in = 0.00365233
err_A_in= 0.000926146
inelastic_events = 26702.7
QE_events = 42026
N_events = 14657
f_bkg = 0.635384
err_f_bkg = 0.00497243
