N_plus = 585044
N_minus = 580786
A_in = 0.00365233
err_A_in= 0.000926146
inelastic_events = 23745.1
QE_events = 38860
N_events = 14475.8
f_bkg = 0.611043
err_f_bkg = 0.00503313
