lambda = -0.372605
sigma_lambda_stat = 0.0925738
sigma_lambda_sys = 0.0285972
sigma_lambda : 0.0968902
