N_plus = 222199
N_minus = 218691
A_in = 0.00795663
err_A_in= 0.00150599
inelastic_events = 6070.31
QE_events = 15066
N_events = 9083.34
f_bkg = 0.402915
err_f_bkg = 0.00612524
