N_plus = 0
N_minus = 0
A_in = -nan
err_A_in= -nan
inelastic_events = 5660.58
QE_events = 13240
N_events = 7660.15
f_bkg = 0.427537
err_f_bkg = 0.00678948
