N_plus = 0
N_minus = 0
A_in = -nan
err_A_in= -nan
inelastic_events = 13717.9
QE_events = 29079
N_events = 15431.5
f_bkg = 0.471745
err_f_bkg = 0.0048863
