N_plus = 608535
N_minus = 604417
A_in = 0.00339502
err_A_in= 0.000907979
inelastic_events = 26012.5
QE_events = 40580
N_events = 13414.6
f_bkg = 0.641017
err_f_bkg = 0.00509138
