lambda = -0.344692
sigma_lambda_stat = 0.090659
sigma_lambda_sys = 0.0214585
sigma_lambda : 0.0931639
