N_plus = 0
N_minus = 0
A_in = -nan
err_A_in= -nan
inelastic_events = 9269.3
QE_events = 21011
N_events = 11760.3
f_bkg = 0.441164
err_f_bkg = 0.0055009
