N_plus_all      = 2837
N_minus_all     = 2869
A_acc           = -0.00560813
err_A_acc       = 0.0132381
accidental_events = 801
QE_events       = 23463
f_acc           = 0.0341389
err_f_acc       = 0.00120624
