N_plus = 585044
N_minus = 580786
A_in = 0.00365233
err_A_in= 0.000926146
inelastic_events = 27564.3
QE_events = 42818
N_events = 14503.7
f_bkg = 0.643756
err_f_bkg = 0.00497125
