N_plus = 0
N_minus = 0
A_in = -nan
err_A_in= -nan
inelastic_events = 9663.46
QE_events = 21011
N_events = 11478.1
f_bkg = 0.459924
err_f_bkg = 0.00565308
