N_plus = 58668
N_minus = 58204
A_in = 0.00397016
err_A_in= 0.0029251
inelastic_events = 637.482
QE_events = 4794
N_events = 2980.4
f_bkg = 0.132975
err_f_bkg = 0.00560591
