N_plus = 81124
N_minus = 80331
A_in = 0.00491159
err_A_in= 0.00248868
inelastic_events = 1255.92
QE_events = 5505
N_events = 2802.4
f_bkg = 0.228141
err_f_bkg = 0.00713423
