Aphy_sum = 0.185809
err_Aphy_stat_sum = 0.0411025
err_Aphy_sys = 0.00972874
