N_plus = 585044
N_minus = 580786
A_in = 0.00365233
err_A_in= 0.000926146
inelastic_events = 21483.2
QE_events = 36035
N_events = 13766.2
f_bkg = 0.596175
err_f_bkg = 0.00513884
