N_plus = 585044
N_minus = 580786
A_in = 0.00365233
err_A_in= 0.000926146
inelastic_events = 6710.09
QE_events = 15727
f_bkg = 0.426661
err_f_bkg = 0.00622126
