N_plus = 585044
N_minus = 580786
A_in = 0.00365233
err_A_in= 0.000926146
inelastic_events = 25560.5
QE_events = 40808
N_events = 14547.5
f_bkg = 0.62636
err_f_bkg = 0.00499629
