Nplus = 5630
Nminus = 5674
A_p = -0.00389243
err_A_p = 0.00940547
proton_events = 4213
QE_events = 5115
f_p = 0.823656
err_f_p = 0.0171365
