N_plus = 585044
N_minus = 580786
A_in = 0.00365233
err_A_in= 0.000926146
inelastic_events = 16068.1
QE_events = 29521
N_events = 12686.6
f_bkg = 0.544294
err_f_bkg = 0.00533601
