N_plus = 585044
N_minus = 580786
A_in = 0.00365233
err_A_in= 0.000926146
inelastic_events = 13773.9
QE_events = 26417
N_events = 11981.9
f_bkg = 0.521403
err_f_bkg = 0.00547983
