N_plus = 0
N_minus = 0
A_in = -nan
err_A_in= -nan
inelastic_events = 18430.2
QE_events = 33443
N_events = 14940.7
f_bkg = 0.551094
err_f_bkg = 0.00505568
