avg_He3pol = 0.425628
avg_beampol = 0.86488
avg_Pn = 0.96
err_avg_He3pol = 0.05
err_avg_beampol = 0.0008
err_Pn = 0.005
