Nplus = 5725
Nminus = 5851
A_p = -0.0108846
err_A_p = 0.00929384
proton_events = 227
QE_events = 11706
f_p = 0.0193918
err_f_p = 0.0012995
