N_plus = 585044
N_minus = 580786
A_in = 0.00365233
err_A_in= 0.000926146
inelastic_events = 27460.3
QE_events = 42728
N_events = 14592.4
f_bkg = 0.642677
err_f_bkg = 0.00497068
