N_plus_all      = 13892
N_minus_all     = 13654
A_acc           = 0.00864009
err_A_acc       = 0.00602496
accidental_events = 6367
QE_events       = 46518
f_acc           = 0.136872
err_f_acc       = 0.00171532
