N_plus = 585044
N_minus = 580786
A_in = 0.00365233
err_A_in= 0.000926146
inelastic_events = 8252.18
QE_events = 18004
N_events = 9307.7
f_bkg = 0.458353
err_f_bkg = 0.00609322
