N_plus_all      = 5518
N_minus_all     = 5458
A_acc           = 0.00546647
err_A_acc       = 0.0095449
accidental_events = 866
QE_events       = 33546
f_acc           = 0.0258153
err_f_acc       = 0.00087724
