Aphy_sum = 0.196811
err_Aphy_stat_sum = 0.0414205
err_Aphy_sys = 0.0127953
