Nplus_total = 13333
Nminus_total = 12282
Aexp_total = 0.0410306
errAexp_total = 0.00624291
Pplus_total = 36022
Pminus_total = 35758
Apexp_total = 0.0036779
errApexp_total = 0.00373246
