Nplus_total = 1563
Nminus_total = 1414
Aexp_total = 0.0500504
errAexp_total = 0.0183048
Pplus_total = 2634
Pminus_total = 2641
Apexp_total = -0.00132701
errApexp_total = 0.0137686
