N_plus = 25873
N_minus = 25728
A_in = 0.00281002
err_A_in= 0.00440219
inelastic_events = 836.708
QE_events = 2861
N_events = 1390.78
f_bkg = 0.292453
err_f_bkg = 0.0114941
