Nplus_total = 2919
Nminus_total = 2760
Aexp_total = 0.0279979
errAexp_total = 0.0132646
Pplus_total = 5170
Pminus_total = 4937
Apexp_total = 0.0230533
errApexp_total = 0.00994428
