Q2_avg = 9.54685
tau_avg = 2.71265
epsilon_avg = 0.581256
Px_avg = 0.990628
Pz_avg = -0.0221451
