N_plus = 225407
N_minus = 223445
A_in = 0.00437115
err_A_in= 0.0014926
inelastic_events = 2930.8
QE_events = 5040
N_events = 1669.71
f_bkg = 0.581508
err_f_bkg = 0.0135082
