Nplus_total = 5814
Nminus_total = 5541
Aexp_total = 0.0240423
errAexp_total = 0.00938169
