Aphy_sum = 0.186018
err_Aphy_stat_sum = 0.0649259
err_Aphy_sys = 0.0114791
