Nplus_total = 3391
Nminus_total = 3195
Aexp_total = 0.0297601
errAexp_total = 0.0123168
