avg_He3pol = 0.408761
avg_beampol = 0.835827
avg_Pn = 0.96
err_avg_He3pol = 0.05
err_avg_beampol = 0.00100155
err_Pn = 0.005
