N_plus_all      = 3849
N_minus_all     = 3712
A_acc           = 0.0181193
err_A_acc       = 0.0114984
accidental_events = 292
QE_events       = 6555
f_acc           = 0.0445461
err_f_acc       = 0.00260687
