N_plus = 10844
N_minus = 10797
A_in = 0.0021718
err_A_in= 0.00679767
inelastic_events = 511.388
QE_events = 1772
N_events = 859.679
f_bkg = 0.288594
err_f_bkg = 0.0144867
