Nplus_total = 4567
Nminus_total = 4440
Aexp_total = 0.0141001
errAexp_total = 0.0105358
Pplus_total = 10422
Pminus_total = 10204
Apexp_total = 0.0105692
errApexp_total = 0.00696255
