N_plus = 0
N_minus = 0
A_in = -nan
err_A_in= -nan
inelastic_events = 2230.26
QE_events = 2569
N_events = 614.064
f_bkg = 0.868144
err_f_bkg = 0.0251257
