N_plus = 292844
N_minus = 289761
A_in = 0.00529175
err_A_in= 0.00131011
inelastic_events = 8879.96
QE_events = 12949
N_events = 3845.11
f_bkg = 0.685764
err_f_bkg = 0.00944861
