Nplus = 935
Nminus = 894
A_p = 0.0224166
err_A_p = 0.0233767
proton_events = 119
QE_events = 7513
f_p = 0.0158392
err_f_p = 0.00146343
