N_plus = 0
N_minus = 0
A_in = -nan
err_A_in= -nan
inelastic_events = 2207.67
QE_events = 2704
N_events = 919.3
f_bkg = 0.816447
err_f_bkg = 0.0234192
