N_plus = 182053
N_minus = 180493
A_in = 0.0043029
err_A_in= 0.00166079
inelastic_events = 4454.57
QE_events = 6901
N_events = 2223.63
f_bkg = 0.645497
err_f_bkg = 0.0124062
