avg_He3pol = 0.413743
avg_beampol = 0.83678
avg_Pn = 0.96
err_avg_He3pol = 0.05
err_avg_beampol = 0.00102458
err_Pn = 0.005
