N_plus = 144675
N_minus = 143604
A_in = 0.00371515
err_A_in= 0.00186248
inelastic_events = 10829.2
QE_events = 11983
N_events = 1617.45
f_bkg = 0.903716
err_f_bkg = 0.0119821
