Q2_avg = 9.53627
tau_avg = 2.70965
epsilon_avg = 0.580796
Px_avg = 0.989812
Pz_avg = -0.0206083
