N_plus_all      = 4329
N_minus_all     = 4207
A_acc           = 0.0142924
err_A_acc       = 0.0108225
accidental_events = 816
QE_events       = 6299
f_acc           = 0.129544
err_f_acc       = 0.00453496
