avg_He3pol = 0.40803
avg_beampol = 0.835738
avg_Pn = 0.96
err_avg_He3pol = 0.05
err_avg_beampol = 0.000999418
err_Pn = 0.005
