avg_He3pol = 0.464079
avg_beampol = 0.836664
avg_Pn = 0.96
err_avg_He3pol = 0.05
err_avg_beampol = 0.00102177
err_Pn = 0.005
