Nplus = 183
Nminus = 194
A_p = -0.0291777
err_A_p = 0.0514807
proton_events = 32
QE_events = 902
f_p = 0.0354767
err_f_p = 0.00638173
