Nplus = 190
Nminus = 196
A_p = -0.015544
err_A_p = 0.0508925
proton_events = 24
QE_events = 1315
f_p = 0.018251
err_f_p = 0.0037593
