N_plus = 144675
N_minus = 143604
A_in = 0.00371515
err_A_in= 0.00186248
inelastic_events = 4402.85
QE_events = 6401
N_events = 1919.22
f_bkg = 0.687838
err_f_bkg = 0.0134674
