N_plus = 224705
N_minus = 222775
A_in = 0.00431304
err_A_in= 0.00149489
inelastic_events = 6039.99
QE_events = 8392
N_events = 2278.03
f_bkg = 0.719732
err_f_bkg = 0.0121446
