N_plus_all      = 240
N_minus_all     = 183
A_acc           = 0.134752
err_A_acc       = 0.0481782
accidental_events = 43
QE_events       = 5709
f_acc           = 0.00753197
err_f_acc       = 0.00114861
