Nplus = 1100
Nminus = 1148
A_p = -0.0213523
err_A_p = 0.0210864
proton_events = 395
QE_events = 1315
f_p = 0.30038
err_f_p = 0.0172349
