Aphy_sum = 0.31711
err_Aphy_stat_sum = 0.133129
err_Aphy_sys = 0.0236322
