N_plus = 10844
N_minus = 10797
A_in = 0.0021718
err_A_in= 0.00679767
inelastic_events = 476.183
QE_events = 1772
N_events = 886.594
f_bkg = 0.268727
err_f_bkg = 0.013871
