N_plus_all      = 2780
N_minus_all     = 2717
A_acc           = 0.0114608
err_A_acc       = 0.0134868
accidental_events = 1194
QE_events       = 12374
f_acc           = 0.0964926
err_f_acc       = 0.00279249
