N_plus = 74319
N_minus = 72879
A_in = 0.00978274
err_A_in= 0.00260632
inelastic_events = 3484.89
QE_events = 6484
N_events = 2781.81
f_bkg = 0.53746
err_f_bkg = 0.011289
