Nplus_total = 3185
Nminus_total = 2991
Aexp_total = 0.0314119
errAexp_total = 0.0127184
