N_plus_all      = 72
N_minus_all     = 68
A_acc           = 0.0285714
err_A_acc       = 0.0844809
accidental_events = 10
QE_events       = 2982
f_acc           = 0.00335345
err_f_acc       = 0.00106046
