avg_He3pol = -0.01
avg_beampol = 0.80795
avg_Pn = 0.96
err_avg_He3pol = 0.05
err_avg_beampol = 0.00097
err_Pn = 0.005
