N_plus = 87313
N_minus = 86291
A_in = 0.00588696
err_A_in= 0.00240001
inelastic_events = 4604.54
QE_events = 6613
N_events = 2033.56
f_bkg = 0.696286
err_f_bkg = 0.0133642
