N_plus = 259066
N_minus = 257490
A_in = 0.00305098
err_A_in= 0.00139136
inelastic_events = 7872.05
QE_events = 11408
N_events = 3287.24
f_bkg = 0.690047
err_f_bkg = 0.0101108
