Nplus = 7405
Nminus = 7252
A_p = 0.0104387
err_A_p = 0.0082595
proton_events = 1314
QE_events = 6797
f_p = 0.193321
err_f_p = 0.00582585
