N_plus_all      = 1488
N_minus_all     = 1421
A_acc           = 0.023032
err_A_acc       = 0.0185359
accidental_events = 350
QE_events       = 7608
f_acc           = 0.0460042
err_f_acc       = 0.00245903
