N_plus = 507913
N_minus = 505263
A_in = 0.00261554
err_A_in= 0.000993473
inelastic_events = 973.992
QE_events = 2962
N_events = 1874.18
f_bkg = 0.328829
err_f_bkg = 0.0121458
