N_plus = 507913
N_minus = 505263
A_in = 0.00261554
err_A_in= 0.000993473
inelastic_events = 7415.56
QE_events = 11949
N_events = 4044.26
f_bkg = 0.620601
err_f_bkg = 0.00917442
