N_plus = 507913
N_minus = 505263
A_in = 0.00261554
err_A_in= 0.000993473
inelastic_events = 5257.57
QE_events = 9096
N_events = 3520.62
f_bkg = 0.578008
err_f_bkg = 0.0100137
