N_plus = 507913
N_minus = 505263
A_in = 0.00261554
err_A_in= 0.000993473
inelastic_events = 10585.3
QE_events = 15628
N_events = 4601.29
f_bkg = 0.67733
err_f_bkg = 0.00852625
