N_plus_all = 3767
N_minus_all = 3741
A_acc = 0.00346297
err_A_acc = 0.0115408
accidental_events = 1281
QE_events = 12121
f_acc = 0.105684
err_f_acc = 0.00295281
