N_plus_all = 3767
N_minus_all = 3741
A_acc = 0.00346297
err_A_acc = 0.0115408
accidental_events = 181
QE_events = 6557
f_acc = 0.0276041
err_f_acc = 0.0020518
