Nplus = 11704
Nminus = 11649
A_p = 0.00235516
err_A_p = 0.00654376
proton_events = 258
QE_events = 12121
f_p = 0.0212854
err_f_p = 0.0013392
