N_plus = 507913
N_minus = 505263
A_in = 0.00261554
err_A_in= 0.000993473
inelastic_events = 1407.44
QE_events = 3785
N_events = 2231.14
f_bkg = 0.371848
err_f_bkg = 0.0116092
