N_plus = 507913
N_minus = 505263
A_in = 0.00261554
err_A_in= 0.000993473
inelastic_events = 8128.88
QE_events = 12951
N_events = 4321.86
f_bkg = 0.627665
err_f_bkg = 0.00888167
