N_plus = 507913
N_minus = 505263
A_in = 0.00261554
err_A_in= 0.000993473
inelastic_events = 9430.09
QE_events = 14441
N_events = 4524.94
f_bkg = 0.653008
err_f_bkg = 0.00864566
