N_plus = 507913
N_minus = 505263
A_in = 0.00261554
err_A_in= 0.000993473
inelastic_events = 9899.93
QE_events = 14994
N_events = 4647.35
f_bkg = 0.66026
err_f_bkg = 0.00855041
