N_plus = 293511
N_minus = 290572
A_in = 0.00503182
err_A_in= 0.00130845
inelastic_events = 3854.19
QE_events = 6822
N_events = 2705.41
f_bkg = 0.564964
err_f_bkg = 0.0113843
