N_plus = 507913
N_minus = 505263
A_in = 0.00261554
err_A_in= 0.000993473
inelastic_events = 6718.96
QE_events = 10967
N_events = 3790.01
f_bkg = 0.612653
err_f_bkg = 0.00949147
