Aphy_sum = 0.269991
err_Aphy_stat_sum = 0.0766322
err_Aphy_sys = 0.016025
