N_plus = 507913
N_minus = 505263
A_in = 0.00261554
err_A_in= 0.000993473
inelastic_events = 2497.33
QE_events = 5410
N_events = 2632.86
f_bkg = 0.461614
err_f_bkg = 0.0111675
