avg_He3pol = 0.429984
avg_beampol = 0.836997
avg_Pn = 0.96
err_avg_He3pol = 0.05
err_avg_beampol = 0.00102981
err_Pn = 0.005
