N_plus = 507913
N_minus = 505263
A_in = 0.00261554
err_A_in= 0.000993473
inelastic_events = 4747.49
QE_events = 8258
N_events = 3198.69
f_bkg = 0.574896
err_f_bkg = 0.0104709
