N_plus = 507913
N_minus = 505263
A_in = 0.00261554
err_A_in= 0.000993473
inelastic_events = 1101.22
QE_events = 3352
N_events = 2101.57
f_bkg = 0.328526
err_f_bkg = 0.0114109
