N_plus = 507913
N_minus = 505263
A_in = 0.00261554
err_A_in= 0.000993473
inelastic_events = 2950.53
QE_events = 6008
N_events = 2756.59
f_bkg = 0.491101
err_f_bkg = 0.0110401
