N_plus = 507913
N_minus = 505263
A_in = 0.00261554
err_A_in= 0.000993473
inelastic_events = 1709.78
QE_events = 4262
N_events = 2350.31
f_bkg = 0.401169
err_f_bkg = 0.0114842
