N_plus = 507913
N_minus = 505263
A_in = 0.00261554
err_A_in= 0.000993473
inelastic_events = 3480.86
QE_events = 6691
N_events = 2818.44
f_bkg = 0.52023
err_f_bkg = 0.0108719
