N_plus = 293511
N_minus = 290572
A_in = 0.00503182
err_A_in= 0.00130845
inelastic_events = 8334.47
QE_events = 12687
N_events = 3965.45
f_bkg = 0.65693
err_f_bkg = 0.00926258
