N_plus = 507913
N_minus = 505263
A_in = 0.00261554
err_A_in= 0.000993473
inelastic_events = 11232
QE_events = 16166
N_events = 4627.63
f_bkg = 0.694791
err_f_bkg = 0.00853461
