N_plus = 507913
N_minus = 505263
A_in = 0.00261554
err_A_in= 0.000993473
inelastic_events = 2123.79
QE_events = 4810
N_events = 2441.5
f_bkg = 0.441536
err_f_bkg = 0.0115033
